{
    "frames": [
        {
            "image_name": "PR_20240930_083149_868_FC16.png",
            "pose": [
                [
                    -0.5079365738043263,
                    -0.8603898581295172,
                    0.04159001105783746,
                    2.2149
                ],
                [
                    -0.8612209172175408,
                    0.508211129740057,
                    -0.0044698272128201565,
                    24.803
                ],
                [
                    -0.017290712504103252,
                    -0.03808857619029565,
                    -0.9991247627923633,
                    -5.69291
                ],
                [
                    0.0,
                    0.0,
                    0.0,
                    1.0
                ]
            ],
            "place_id": "119"
        },
        {
            "image_name": "PR_20240930_083150_379_FC16.png",
            "pose": [
                [
                    -0.5030308504034966,
                    -0.863177585611974,
                    0.043409897942964834,
                    2.10629
                ],
                [
                    -0.8640658443575694,
                    0.5033656731009728,
                    -0.0036353484352118874,
                    24.7936
                ],
                [
                    -0.018713101212140558,
                    -0.03933770253444148,
                    -0.9990507319462492,
                    -5.77966
                ],
                [
                    0.0,
                    0.0,
                    0.0,
                    1.0
                ]
            ],
            "place_id": "119"
        },
        {
            "image_name": "PR_20240930_083150_879_FC16.png",
            "pose": [
                [
                    -0.4859658036264217,
                    -0.8734908578256037,
                    0.029171201566224502,
                    1.55003
                ],
                [
                    -0.873905658685486,
                    0.4860838456731641,
                    -0.003375602623895871,
                    24.8042
                ],
                [
                    -0.011231091808592272,
                    -0.027133305561223516,
                    -0.9995687301562151,
                    -5.91326
                ],
                [
                    0.0,
                    0.0,
                    0.0,
                    1.0
                ]
            ],
            "place_id": "119"
        },
        {
            "image_name": "PR_20240930_083151_379_FC16.png",
            "pose": [
                [
                    -0.43442597063730853,
                    -0.9005672635771883,
                    0.015895905413886253,
                    0.0399379
                ],
                [
                    -0.9007073662226016,
                    0.4343472048245141,
                    -0.008291326400259511,
                    24.8049
                ],
                [
                    0.0005625550430306521,
                    -0.01791952661836856,
                    -0.9998392741323963,
                    -6.16444
                ],
                [
                    0.0,
                    0.0,
                    0.0,
                    1.0
                ]
            ],
            "place_id": "236"
        },
        {
            "image_name": "PR_20240930_083151_880_FC16.png",
            "pose": [
                [
                    -0.3748651696472079,
                    -0.9253626099087474,
                    0.05639277230497841,
                    -1.30757
                ],
                [
                    -0.9270102320515002,
                    0.37488583083259147,
                    -0.010613364818993578,
                    24.7447
                ],
                [
                    -0.011319640329687408,
                    -0.056255257743865195,
                    -0.9983522483166838,
                    -6.3788
                ],
                [
                    0.0,
                    0.0,
                    0.0,
                    1.0
                ]
            ],
            "place_id": "236"
        },
        {
            "image_name": "PR_20240930_083152_381_FC16.png",
            "pose": [
                [
                    -0.31685634743118646,
                    -0.9471298877842065,
                    0.050468116256148374,
                    -2.86649
                ],
                [
                    -0.9484160953593996,
                    0.31697392353370785,
                    -0.00586871901506382,
                    24.6482
                ],
                [
                    -0.010438637640892211,
                    -0.04972431463101354,
                    -0.9987084296123061,
                    -6.38581
                ],
                [
                    0.0,
                    0.0,
                    0.0,
                    1.0
                ]
            ],
            "place_id": "60"
        },
        {
            "image_name": "PR_20240930_083152_882_FC16.png",
            "pose": [
                [
                    -0.2571396758034841,
                    -0.9663535559819819,
                    0.006323920355113625,
                    -4.67355
                ],
                [
                    -0.9663627374416891,
                    0.25716304680801333,
                    0.0031979744565910776,
                    24.4698
                ],
                [
                    -0.004716652614358567,
                    -0.005288874870735168,
                    -0.9999748901801072,
                    -6.08702
                ],
                [
                    0.0,
                    0.0,
                    0.0,
                    1.0
                ]
            ],
            "place_id": "60"
        },
        {
            "image_name": "PR_20240930_083153_383_FC16.png",
            "pose": [
                [
                    -0.21603443764798377,
                    -0.9751314102543774,
                    0.049475796966076624,
                    -5.4246
                ],
                [
                    -0.9762390124260071,
                    0.21660293971815006,
                    0.006368447452077101,
                    24.2485
                ],
                [
                    -0.01692667621282536,
                    -0.04692439920515207,
                    -0.9987550192072236,
                    -6.29971
                ],
                [
                    0.0,
                    0.0,
                    0.0,
                    1.0
                ]
            ],
            "place_id": "165"
        },
        {
            "image_name": "PR_20240930_083153_884_FC16.png",
            "pose": [
                [
                    -0.172420520898396,
                    -0.9837718688802733,
                    0.04963943969204532,
                    -6.49621
                ],
                [
                    -0.9848013750750452,
                    0.1732326172782982,
                    0.012518464810475687,
                    23.9725
                ],
                [
                    -0.020914483580194848,
                    -0.04672654824321054,
                    -0.9986887473411569,
                    -6.22931
                ],
                [
                    0.0,
                    0.0,
                    0.0,
                    1.0
                ]
            ],
            "place_id": "165"
        },
        {
            "image_name": "PR_20240930_083154_385_FC16.png",
            "pose": [
                [
                    -0.11091080797510415,
                    -0.9937621674230384,
                    -0.011642477097866194,
                    -8.36309
                ],
                [
                    -0.9935900850669082,
                    0.11061879725765074,
                    0.023285715578540266,
                    23.5238
                ],
                [
                    -0.021852586369660885,
                    0.014150487339152775,
                    -0.999661056647212,
                    -5.53046
                ],
                [
                    0.0,
                    0.0,
                    0.0,
                    1.0
                ]
            ],
            "place_id": "23"
        },
        {
            "image_name": "PR_20240930_083154_886_FC16.png",
            "pose": [
                [
                    -0.047343756444605395,
                    -0.9988497875863831,
                    0.007594113796307953,
                    -9.73646
                ],
                [
                    -0.9984423289855313,
                    0.04754639706303346,
                    0.029193420770308544,
                    22.9641
                ],
                [
                    -0.02952091488524371,
                    -0.006200158462632497,
                    -0.9995449332668224,
                    -5.51292
                ],
                [
                    0.0,
                    0.0,
                    0.0,
                    1.0
                ]
            ],
            "place_id": "23"
        },
        {
            "image_name": "PR_20240930_083155_387_FC16.png",
            "pose": [
                [
                    0.01153971464265164,
                    -0.9990072546303034,
                    0.04302720281392101,
                    -10.8682
                ],
                [
                    -0.9995627941179545,
                    -0.010353296127776072,
                    0.02769530419400336,
                    22.339
                ],
                [
                    -0.027222336436720014,
                    -0.043327986975103025,
                    -0.9986899568652983,
                    -5.86845
                ],
                [
                    0.0,
                    0.0,
                    0.0,
                    1.0
                ]
            ],
            "place_id": "23"
        },
        {
            "image_name": "PR_20240930_083155_888_FC16.png",
            "pose": [
                [
                    0.06734320965696716,
                    -0.9966237476886238,
                    0.04696804931205863,
                    -12.1045
                ],
                [
                    -0.997539039978104,
                    -0.06633502313439843,
                    0.022705251051712234,
                    21.6473
                ],
                [
                    -0.019512965757675537,
                    -0.04838150730228475,
                    -0.9986383098592296,
                    -5.98949
                ],
                [
                    0.0,
                    0.0,
                    0.0,
                    1.0
                ]
            ],
            "place_id": "80"
        },
        {
            "image_name": "PR_20240930_083156_389_FC16.png",
            "pose": [
                [
                    0.1172685551778958,
                    -0.9923231854380635,
                    0.03927825872595781,
                    -13.2602
                ],
                [
                    -0.9929281468367338,
                    -0.11642021754001874,
                    0.02323850613322698,
                    20.9939
                ],
                [
                    -0.018487325005476625,
                    -0.04172563468647526,
                    -0.9989580522845555,
                    -5.83445
                ],
                [
                    0.0,
                    0.0,
                    0.0,
                    1.0
                ]
            ],
            "place_id": "80"
        },
        {
            "image_name": "PR_20240930_083156_890_FC16.png",
            "pose": [
                [
                    0.15848490333150264,
                    -0.9862166121206394,
                    0.04753240361366999,
                    -14.1064
                ],
                [
                    -0.9871324821039579,
                    -0.15722786013797876,
                    0.029135249642174448,
                    20.4414
                ],
                [
                    -0.021260249088002295,
                    -0.051538276782608396,
                    -0.9984446944297896,
                    -5.77377
                ],
                [
                    0.0,
                    0.0,
                    0.0,
                    1.0
                ]
            ],
            "place_id": "80"
        },
        {
            "image_name": "PR_20240930_083157_391_FC16.png",
            "pose": [
                [
                    0.19023801364936085,
                    -0.9807760306528245,
                    0.043449693435466744,
                    -14.8107
                ],
                [
                    -0.9812501664883794,
                    -0.18856211918867485,
                    0.039905362717364126,
                    20.0111
                ],
                [
                    -0.03094525697540773,
                    -0.05022653585472939,
                    -0.9982583263698631,
                    -5.44041
                ],
                [
                    0.0,
                    0.0,
                    0.0,
                    1.0
                ]
            ],
            "place_id": "88"
        },
        {
            "image_name": "PR_20240930_083157_892_FC16.png",
            "pose": [
                [
                    0.21380197779278154,
                    -0.9761769164509048,
                    0.03697758889244105,
                    -15.3455
                ],
                [
                    -0.975983021887847,
                    -0.2118341681797642,
                    0.05082741561651429,
                    19.6765
                ],
                [
                    -0.04178343306337395,
                    -0.04695650093427756,
                    -0.9980226609358367,
                    -5.06164
                ],
                [
                    0.0,
                    0.0,
                    0.0,
                    1.0
                ]
            ],
            "place_id": "88"
        },
        {
            "image_name": "PR_20240930_083158_393_FC16.png",
            "pose": [
                [
                    0.23005728054396937,
                    -0.9722194554234997,
                    0.04316223076657698,
                    -15.6474
                ],
                [
                    -0.9720750497952324,
                    -0.22746051588987934,
                    0.05772184401685825,
                    19.4293
                ],
                [
                    -0.0463005964789865,
                    -0.055236258084195224,
                    -0.9973992232594461,
                    -4.95105
                ],
                [
                    0.0,
                    0.0,
                    0.0,
                    1.0
                ]
            ],
            "place_id": "88"
        },
        {
            "image_name": "PR_20240930_083158_894_FC16.png",
            "pose": [
                [
                    0.2397328268298151,
                    -0.969615873838075,
                    0.048715797657563696,
                    -15.8142
                ],
                [
                    -0.9695899656733503,
                    -0.23657835219006487,
                    0.06265765508368121,
                    19.2733
                ],
                [
                    -0.04922875385115721,
                    -0.062255445354285475,
                    -0.9968454189682583,
                    -4.86373
                ],
                [
                    0.0,
                    0.0,
                    0.0,
                    1.0
                ]
            ],
            "place_id": "88"
        },
        {
            "image_name": "PR_20240930_083159_395_FC16.png",
            "pose": [
                [
                    0.2448972674160562,
                    -0.968781041338831,
                    0.038582669096354175,
                    -15.9745
                ],
                [
                    -0.9681899922865022,
                    -0.2422539916595993,
                    0.06261902555337003,
                    19.1551
                ],
                [
                    -0.05131731918574342,
                    -0.052690582341068326,
                    -0.9972914495192203,
                    -4.61834
                ],
                [
                    0.0,
                    0.0,
                    0.0,
                    1.0
                ]
            ],
            "place_id": "88"
        },
        {
            "image_name": "PR_20240930_083159_896_FC16.png",
            "pose": [
                [
                    0.251388604795955,
                    -0.9671532287043444,
                    0.03766167263286536,
                    -16.1016
                ],
                [
                    -0.9668079115806049,
                    -0.2490821079326044,
                    0.05692596606997256,
                    19.0022
                ],
                [
                    -0.045675283074026136,
                    -0.05072214225180525,
                    -0.9976677968148994,
                    -4.63012
                ],
                [
                    0.0,
                    0.0,
                    0.0,
                    1.0
                ]
            ],
            "place_id": "88"
        },
        {
            "image_name": "PR_20240930_083200_397_FC16.png",
            "pose": [
                [
                    0.26183514355256965,
                    -0.9636505694373685,
                    0.053103084880640763,
                    -16.2113
                ],
                [
                    -0.9649245279951508,
                    -0.2603013028304785,
                    0.03411578839908114,
                    18.7154
                ],
                [
                    -0.019052896738831038,
                    -0.06017318146642121,
                    -0.9980060998601505,
                    -5.24203
                ],
                [
                    0.0,
                    0.0,
                    0.0,
                    1.0
                ]
            ],
            "place_id": "88"
        },
        {
            "image_name": "PR_20240930_083200_898_FC16.png",
            "pose": [
                [
                    0.27201354028727076,
                    -0.9593085506301074,
                    0.0757346590957383,
                    -16.2708
                ],
                [
                    -0.9614880343060684,
                    -0.2741621379662833,
                    -0.019387676292147403,
                    18.2292
                ],
                [
                    0.03936233969974086,
                    -0.06754425803663103,
                    -0.9969395063992814,
                    -6.56605
                ],
                [
                    0.0,
                    0.0,
                    0.0,
                    1.0
                ]
            ],
            "place_id": "224"
        },
        {
            "image_name": "PR_20240930_083201_399_FC16.png",
            "pose": [
                [
                    0.2838466056098197,
                    -0.9574902407438127,
                    0.051415400067869654,
                    -16.6261
                ],
                [
                    -0.9580637197434959,
                    -0.2853980726806981,
                    -0.02572642651825805,
                    18.0183
                ],
                [
                    0.03930665840592194,
                    -0.04195687059944519,
                    -0.9983459358431133,
                    -6.26484
                ],
                [
                    0.0,
                    0.0,
                    0.0,
                    1.0
                ]
            ],
            "place_id": "224"
        },
        {
            "image_name": "PR_20240930_083201_900_FC16.png",
            "pose": [
                [
                    0.2962164106013384,
                    -0.9536972792790792,
                    0.052128088264787056,
                    -16.8524
                ],
                [
                    -0.9548778563118481,
                    -0.2969306944850211,
                    -0.0063594180498602985,
                    17.9389
                ],
                [
                    0.02154338914258973,
                    -0.04789219318767168,
                    -0.9986201581261646,
                    -5.93713
                ],
                [
                    0.0,
                    0.0,
                    0.0,
                    1.0
                ]
            ],
            "place_id": "224"
        },
        {
            "image_name": "PR_20240930_083202_401_FC16.png",
            "pose": [
                [
                    0.3070532363936508,
                    -0.9474382193887844,
                    0.08988398334294331,
                    -16.8449
                ],
                [
                    -0.9513288547751976,
                    -0.308174023297368,
                    0.001476968795957087,
                    17.7966
                ],
                [
                    0.02630057209065407,
                    -0.08596273498512626,
                    -0.9959511474472937,
                    -6.48185
                ],
                [
                    0.0,
                    0.0,
                    0.0,
                    1.0
                ]
            ],
            "place_id": "224"
        },
        {
            "image_name": "PR_20240930_083202_902_FC16.png",
            "pose": [
                [
                    0.32494797755192206,
                    -0.9436464224088154,
                    0.06277134186839602,
                    -17.3525
                ],
                [
                    -0.9454367647843779,
                    -0.32578828271020877,
                    -0.003364319066607495,
                    17.4647
                ],
                [
                    0.023624895321766096,
                    -0.05825310570069702,
                    -0.998022264279339,
                    -6.19098
                ],
                [
                    0.0,
                    0.0,
                    0.0,
                    1.0
                ]
            ],
            "place_id": "224"
        },
        {
            "image_name": "PR_20240930_083203_403_FC16.png",
            "pose": [
                [
                    0.3514047106801108,
                    -0.9357561262240058,
                    0.029583805469717225,
                    -18.0493
                ],
                [
                    -0.9361066787325282,
                    -0.35168484014434376,
                    -0.004696727052187634,
                    16.9756
                ],
                [
                    0.014799167009765458,
                    -0.026043145871608747,
                    -0.9995512689246746,
                    -5.73734
                ],
                [
                    0.0,
                    0.0,
                    0.0,
                    1.0
                ]
            ],
            "place_id": "76"
        },
        {
            "image_name": "PR_20240930_083203_904_FC16.png",
            "pose": [
                [
                    0.3796230662025807,
                    -0.9239554667516979,
                    0.04682545319164925,
                    -18.4905
                ],
                [
                    -0.9249720736350348,
                    -0.38003506467262693,
                    0.00011231463069791628,
                    16.444
                ],
                [
                    0.01769154041498395,
                    -0.04335487376206501,
                    -0.9989030805432629,
                    -6.10665
                ],
                [
                    0.0,
                    0.0,
                    0.0,
                    1.0
                ]
            ],
            "place_id": "76"
        },
        {
            "image_name": "PR_20240930_083204_405_FC16.png",
            "pose": [
                [
                    0.39947481212894514,
                    -0.9147475524014314,
                    0.06047139695868347,
                    -18.7838
                ],
                [
                    -0.9164968279625446,
                    -0.40002942363953103,
                    0.003166158116477129,
                    16.0503
                ],
                [
                    0.02129410268449606,
                    -0.0566866439138475,
                    -0.9981649090168653,
                    -6.46629
                ],
                [
                    0.0,
                    0.0,
                    0.0,
                    1.0
                ]
            ],
            "place_id": "251"
        },
        {
            "image_name": "PR_20240930_083204_906_FC16.png",
            "pose": [
                [
                    0.4049708012923725,
                    -0.91267435799786,
                    0.05499242087604559,
                    -18.9264
                ],
                [
                    -0.9141697953208927,
                    -0.40529151218684834,
                    0.005689944837631477,
                    15.9498
                ],
                [
                    0.017094894663939576,
                    -0.052576671656659996,
                    -0.9984705594928359,
                    -6.46974
                ],
                [
                    0.0,
                    0.0,
                    0.0,
                    1.0
                ]
            ],
            "place_id": "251"
        },
        {
            "image_name": "PR_20240930_083205_407_FC16.png",
            "pose": [
                [
                    0.3984907107760818,
                    -0.9160052645327903,
                    0.04625482432554166,
                    -18.8714
                ],
                [
                    -0.9171245636768244,
                    -0.39847778988687077,
                    0.009898771008067544,
                    16.1071
                ],
                [
                    0.009364193813052882,
                    -0.04636600387232505,
                    -0.9988806262808103,
                    -6.3677
                ],
                [
                    0.0,
                    0.0,
                    0.0,
                    1.0
                ]
            ],
            "place_id": "251"
        },
        {
            "image_name": "PR_20240930_083205_908_FC16.png",
            "pose": [
                [
                    0.38629948159599115,
                    -0.9215408489367183,
                    0.039181299872017905,
                    -18.699
                ],
                [
                    -0.9223676928367122,
                    -0.3860979871039616,
                    0.012891220475566609,
                    16.3674
                ],
                [
                    0.0032480347518187604,
                    -0.04111943695214752,
                    -0.9991489589520619,
                    -6.30392
                ],
                [
                    0.0,
                    0.0,
                    0.0,
                    1.0
                ]
            ],
            "place_id": "76"
        },
        {
            "image_name": "PR_20240930_083206_409_FC16.png",
            "pose": [
                [
                    0.3756516699481503,
                    -0.9263087418865568,
                    0.028947151322893685,
                    -18.568
                ],
                [
                    -0.9267590131122456,
                    -0.375531145186665,
                    0.00970003144368809,
                    16.5497
                ],
                [
                    0.001885332963315195,
                    -0.030470866402786782,
                    -0.9995338772749431,
                    -6.27812
                ],
                [
                    0.0,
                    0.0,
                    0.0,
                    1.0
                ]
            ],
            "place_id": "76"
        },
        {
            "image_name": "PR_20240930_083206_910_FC16.png",
            "pose": [
                [
                    0.3753278284485076,
                    -0.9267716455772768,
                    0.014944502203619429,
                    -18.6417
                ],
                [
                    -0.9268821516918742,
                    -0.3753498148486904,
                    0.0014118668830133095,
                    16.477
                ],
                [
                    0.004300937940628093,
                    -0.01438170528971448,
                    -0.9998873278953936,
                    -6.26434
                ],
                [
                    0.0,
                    0.0,
                    0.0,
                    1.0
                ]
            ],
            "place_id": "76"
        },
        {
            "image_name": "PR_20240930_083207_411_FC16.png",
            "pose": [
                [
                    0.36972410052108207,
                    -0.9273926950173967,
                    0.05698138926216963,
                    -18.2657
                ],
                [
                    -0.9289185708775638,
                    -0.37028319818165745,
                    0.0008011386573623103,
                    16.5449
                ],
                [
                    0.020356280914296265,
                    -0.05322727094951871,
                    -0.9983749192836351,
                    -7.15387
                ],
                [
                    0.0,
                    0.0,
                    0.0,
                    1.0
                ]
            ],
            "place_id": "76"
        },
        {
            "image_name": "PR_20240930_083207_912_FC16.png",
            "pose": [
                [
                    0.36826081136960137,
                    -0.9281702180110545,
                    0.05370308377285229,
                    -18.2572
                ],
                [
                    -0.9295987430787345,
                    -0.36853953752935403,
                    0.004978568477622632,
                    16.5776
                ],
                [
                    0.015170750668289178,
                    -0.05175573084172391,
                    -0.9985445371385291,
                    -7.13017
                ],
                [
                    0.0,
                    0.0,
                    0.0,
                    1.0
                ]
            ],
            "place_id": "76"
        },
        {
            "image_name": "PR_20240930_083208_413_FC16.png",
            "pose": [
                [
                    0.3715376592089969,
                    -0.9281678335604718,
                    0.021546241740961793,
                    -18.5271
                ],
                [
                    -0.9284173456972978,
                    -0.371462374331793,
                    0.007545638751727966,
                    16.5079
                ],
                [
                    0.0009999989420031632,
                    -0.022807393525949772,
                    -0.9997393774392748,
                    -6.60889
                ],
                [
                    0.0,
                    0.0,
                    0.0,
                    1.0
                ]
            ],
            "place_id": "76"
        },
        {
            "image_name": "PR_20240930_083208_914_FC16.png",
            "pose": [
                [
                    0.38213963662945377,
                    -0.923688846154709,
                    0.02771666657610923,
                    -18.6699
                ],
                [
                    -0.9240983342740277,
                    -0.38207551194130623,
                    0.007782786567540318,
                    16.2644
                ],
                [
                    0.0034009864269337452,
                    -0.02858703664549561,
                    -0.9995855214173285,
                    -6.8367
                ],
                [
                    0.0,
                    0.0,
                    0.0,
                    1.0
                ]
            ],
            "place_id": "76"
        },
        {
            "image_name": "PR_20240930_083209_415_FC16.png",
            "pose": [
                [
                    0.3987894099482181,
                    -0.9163495845567465,
                    0.03564330786879465,
                    -18.8985
                ],
                [
                    -0.9166279599594848,
                    -0.39947650872385154,
                    -0.01454998275996469,
                    15.7006
                ],
                [
                    0.02757153484419695,
                    -0.026869273538378036,
                    -0.9992586515041311,
                    -7.44856
                ],
                [
                    0.0,
                    0.0,
                    0.0,
                    1.0
                ]
            ],
            "place_id": "251"
        },
        {
            "image_name": "PR_20240930_083209_916_FC16.png",
            "pose": [
                [
                    0.4143065287706353,
                    -0.9088904798651942,
                    0.04762557956019317,
                    -19.0676
                ],
                [
                    -0.9036763425591101,
                    -0.41702585260458563,
                    -0.09725485159316632,
                    14.5902
                ],
                [
                    0.10825510665560825,
                    -0.0027447895795452495,
                    -0.9941193580315935,
                    -9.00441
                ],
                [
                    0.0,
                    0.0,
                    0.0,
                    1.0
                ]
            ],
            "place_id": "171"
        },
        {
            "image_name": "PR_20240930_083210_417_FC16.png",
            "pose": [
                [
                    0.41700718483121146,
                    -0.9058031273799252,
                    0.07500468137320027,
                    -18.9003
                ],
                [
                    -0.8906864456708308,
                    -0.42369447866493304,
                    -0.1648048671827178,
                    13.7663
                ],
                [
                    0.18105983347338644,
                    0.0019191606493779434,
                    -0.9834702097801397,
                    -10.5401
                ],
                [
                    0.0,
                    0.0,
                    0.0,
                    1.0
                ]
            ],
            "place_id": "171"
        },
        {
            "image_name": "PR_20240930_083210_918_FC16.png",
            "pose": [
                [
                    0.409976392856982,
                    -0.9085695602910078,
                    0.08012934177055694,
                    -18.7355
                ],
                [
                    -0.8893627451298869,
                    -0.4177042798013448,
                    -0.18589524526106677,
                    13.6613
                ],
                [
                    0.20236913024226275,
                    0.004948610738882697,
                    -0.9792968121957435,
                    -10.9654
                ],
                [
                    0.0,
                    0.0,
                    0.0,
                    1.0
                ]
            ],
            "place_id": "166"
        },
        {
            "image_name": "PR_20240930_083211_419_FC16.png",
            "pose": [
                [
                    0.4096055419210474,
                    -0.9113970552317983,
                    0.03973295536921085,
                    -19.0236
                ],
                [
                    -0.898075637681685,
                    -0.41050423862324864,
                    -0.15794435436248405,
                    14.1216
                ],
                [
                    0.16026056604854502,
                    0.02901168363183325,
                    -0.9866483026806697,
                    -9.79057
                ],
                [
                    0.0,
                    0.0,
                    0.0,
                    1.0
                ]
            ],
            "place_id": "171"
        },
        {
            "image_name": "PR_20240930_083211_920_FC16.png",
            "pose": [
                [
                    0.4084368136757003,
                    -0.9122900245081622,
                    0.03010449164722656,
                    -19.07
                ],
                [
                    -0.9089155908768025,
                    -0.40951762803749125,
                    -0.07853509398746494,
                    14.903
                ],
                [
                    0.0839751028312219,
                    0.004714181736377131,
                    -0.9964567018165124,
                    -8.3807
                ],
                [
                    0.0,
                    0.0,
                    0.0,
                    1.0
                ]
            ],
            "place_id": "171"
        },
        {
            "image_name": "PR_20240930_083212_421_FC16.png",
            "pose": [
                [
                    0.4078248984262035,
                    -0.9105233139367999,
                    0.06801578494146719,
                    -18.7865
                ],
                [
                    -0.9127741188520999,
                    -0.4084288578705013,
                    0.005410731223211156,
                    15.5562
                ],
                [
                    0.022853012436629554,
                    -0.06428967907949924,
                    -0.9976695730483243,
                    -7.74796
                ],
                [
                    0.0,
                    0.0,
                    0.0,
                    1.0
                ]
            ],
            "place_id": "251"
        },
        {
            "image_name": "PR_20240930_083212_922_FC16.png",
            "pose": [
                [
                    0.41238336168844836,
                    -0.9080936981822264,
                    0.07284091106144856,
                    -18.8202
                ],
                [
                    -0.910484875095605,
                    -0.4081104828890123,
                    0.06680663124449342,
                    15.8935
                ],
                [
                    -0.03093954144254493,
                    -0.09387049098531779,
                    -0.9951035502386173,
                    -6.82113
                ],
                [
                    0.0,
                    0.0,
                    0.0,
